EQUALS
arrpermz2 0 /

arrpermz2	1	319	319	325	325	1	167	/--	1024
arrpermz2	1	320	320	308	308	1	167	/--	1025
arrpermz2	1	320	320	304	304	1	167	/--	1026
arrpermz2	1	320	320	298	298	1	167	/--	1027
arrpermz2	1	320	320	292	292	1	167	/--	1028
arrpermz2	1	319	319	286	286	1	167	/--	1029
arrpermz2	1	318	318	279	279	1	167	/--	1030
arrpermz2	1	319	319	273	273	1	167	/--	1031
arrpermz2	1	319	319	267	267	1	167	/--	1032
arrpermz2	1	318	318	261	261	1	167	/--	1033
arrpermz2	1	317	317	254	254	1	167	/--	1034
arrpermz2	1	313	313	250	250	1	167	/--	1035
arrpermz2	1	311	311	243	243	1	167	/--	1036
arrpermz2	1	308	308	239	239	1	167	/--	1037
arrpermz2	1	305	305	231	231	1	167	/--	1038
arrpermz2	1	303	303	228	228	1	167	/--	1039
arrpermz2	1	301	301	222	222	1	167	/--	1040
arrpermz2	1	300	300	215	215	1	167	/--	1041
arrpermz2	1	297	297	209	209	1	167	/--	1042
arrpermz2	1	296	296	203	203	1	167	/--	1043
arrpermz2	1	295	295	198	198	1	167	/--	1044
arrpermz2	1	294	294	192	192	1	167	/--	1045
arrpermz2	1	293	293	185	185	1	167	/--	1046
arrpermz2	1	293	293	180	180	1	167	/--	1047
arrpermz2	1	292	292	172	172	1	167	/--	1048
arrpermz2	1	291	291	157	157	1	167	/--	1049
arrpermz2	1	292	292	151	151	1	167	/--	1050
arrpermz2	1	291	291	145	145	1	167	/--	1051
arrpermz2	1	291	291	139	139	1	167	/--	1052
arrpermz2	1	292	292	134	134	1	167	/--	1053
arrpermz2	1	292	292	128	128	1	167	/--	1054
arrpermz2	1	293	293	122	122	1	167	/--	1055
arrpermz2	1	294	294	112	112	1	167	/--	1056
arrpermz2	1	295	295	102	102	1	167	/--	1057
arrpermz2	1	295	295	91	91	1	167	/--	1058
arrpermz2	1	297	297	82	82	1	167	/--	1059
arrpermz2	1	300	300	72	72	1	167	/--	1060
arrpermz2	1	301	301	63	63	1	167	/--	1061
arrpermz2	1	305	305	54	54	1	167	/--	1062
arrpermz2	1	309	309	44	44	1	167	/--	1063
arrpermz2	1	312	312	34	34	1	167	/--	1064
arrpermz2	1	316	316	25	25	1	167	/--	1065
arrpermz2	1	319	319	15	15	1	167	/--	1066
arrpermz2	1	318	318	15	15	1	167	/--	1066Z
arrpermz2	1	431	431	273	273	1	167	/--	1089
arrpermz2	1	429	429	258	258	1	167	/--	1090
arrpermz2	1	427	427	241	241	1	167	/--	1091
arrpermz2	1	412	412	208	208	1	167	/--	1092
arrpermz2	1	403	403	181	181	1	167	/--	1093
arrpermz2	1	403	403	168	168	1	167	/--	1094
arrpermz2	1	402	402	154	154	1	167	/--	1095
arrpermz2	1	402	402	142	142	1	167	/--	1096
arrpermz2	1	402	402	114	114	1	167	/--	1097
arrpermz2	1	410	410	99	99	1	167	/--	1098
arrpermz2	1	427	427	68	68	1	167	/--	1099
arrpermz2	1	437	437	60	60	1	167	/--	1100
arrpermz2	1	439	439	18	18	1	167	/--	1101
arrpermz2	1	220	220	345	345	1	167	/--	1125
arrpermz2	1	218	218	325	325	1	167	/--	1127
arrpermz2	1	218	218	313	313	1	167	/--	1128
arrpermz2	1	218	218	303	303	1	167	/--	1129
arrpermz2	1	211	211	266	266	1	167	/--	1130
arrpermz2	1	207	207	256	256	1	167	/--	1131
arrpermz2	1	197	197	226	226	1	167	/--	1133
arrpermz2	1	194	194	216	216	1	167	/--	1134
arrpermz2	1	193	193	206	206	1	167	/--	1135
arrpermz2	1	193	193	197	197	1	167	/--	1136
arrpermz2	1	190	190	186	186	1	167	/--	1137
arrpermz2	1	190	190	165	165	1	167	/--	1139
arrpermz2	1	188	188	156	156	1	167	/--	1140
arrpermz2	1	190	190	146	146	1	167	/--	1141
arrpermz2	1	191	191	137	137	1	167	/--	1142
arrpermz2	1	192	192	116	116	1	167	/--	1143
arrpermz2	1	202	202	102	102	1	167	/--	1144
arrpermz2	1	196	196	77	77	1	167	/--	1145
arrpermz2	1	196	196	298	298	1	167	/--	11707
arrpermz2	1	366	366	286	286	1	167	/--	124
arrpermz2	1	267	267	316	316	1	167	/--	125
arrpermz2	1	181	181	263	263	1	167	/--	126
arrpermz2	1	175	175	218	218	1	167	/--	127
arrpermz2	1	371	371	166	166	1	167	/--	15197
arrpermz2	1	130	130	243	243	1	167	/--	15218
arrpermz2	1	148	148	253	253	1	167	/--	15221
arrpermz2	1	331	331	157	157	1	167	/--	15257
arrpermz2	1	167	167	249	249	1	167	/--	2013
arrpermz2	1	165	165	237	237	1	167	/--	2014
arrpermz2	1	165	165	224	224	1	167	/--	2014A
arrpermz2	1	160	160	201	201	1	167	/--	2015
arrpermz2	1	164	164	214	214	1	167	/--	2015A
arrpermz2	1	156	156	190	190	1	167	/--	2016
arrpermz2	1	151	151	180	180	1	167	/--	2017
arrpermz2	1	144	144	159	159	1	167	/--	2017A
arrpermz2	1	157	157	245	245	1	167	/--	2018
arrpermz2	1	153	153	222	222	1	167	/--	2019
arrpermz2	1	149	149	198	198	1	167	/--	2020
arrpermz2	1	139	139	175	175	1	167	/--	2021
arrpermz2	1	147	147	241	241	1	167	/--	2022
arrpermz2	1	145	145	228	228	1	167	/--	2023
arrpermz2	1	143	143	217	217	1	167	/--	2024
arrpermz2	1	140	140	205	205	1	167	/--	2025
arrpermz2	1	138	138	238	238	1	167	/--	2026
arrpermz2	1	133	133	228	228	1	167	/--	2027
arrpermz2	1	132	132	216	216	1	167	/--	2028
arrpermz2	1	126	126	232	232	1	167	/--	2029
arrpermz2	1	122	122	222	222	1	167	/--	2030
arrpermz2	1	118	118	211	211	1	167	/--	2031
arrpermz2	1	113	113	231	231	1	167	/--	2032
arrpermz2	1	106	106	208	208	1	167	/--	2033
arrpermz2	1	110	110	189	189	1	167	/--	2034
arrpermz2	1	100	100	186	186	1	167	/--	2035
arrpermz2	1	98	98	216	216	1	167	/--	2036
arrpermz2	1	95	95	204	204	1	167	/--	2037
arrpermz2	1	91	91	192	192	1	167	/--	2038
arrpermz2	1	85	85	205	205	1	167	/--	2039
arrpermz2	1	79	79	189	189	1	167	/--	2040
arrpermz2	1	137	137	193	193	1	167	/--	2041
arrpermz2	1	132	132	182	182	1	167	/--	2042
arrpermz2	1	126	126	172	172	1	167	/--	2043
arrpermz2	1	126	126	193	193	1	167	/--	2044
arrpermz2	1	109	109	176	176	1	167	/--	2045
arrpermz2	1	65	65	218	218	1	167	/--	2063
arrpermz2	1	52	52	208	208	1	167	/--	2064
arrpermz2	1	54	54	220	220	1	167	/--	2065
arrpermz2	1	63	63	245	245	1	167	/--	2066
arrpermz2	1	73	73	252	252	1	167	/--	2067A
arrpermz2	1	75	75	210	210	1	167	/--	2068
arrpermz2	1	77	77	220	220	1	167	/--	2069
arrpermz2	1	79	79	230	230	1	167	/--	2070
arrpermz2	1	78	78	230	230	1	167	/--	2070Z
arrpermz2	1	83	83	242	242	1	167	/--	2071
arrpermz2	1	85	85	252	252	1	167	/--	2072
arrpermz2	1	88	88	224	224	1	167	/--	2073
arrpermz2	1	98	98	234	234	1	167	/--	2074
arrpermz2	1	93	93	246	246	1	167	/--	2075
arrpermz2	1	95	95	256	256	1	167	/--	2076
arrpermz2	1	99	99	228	228	1	167	/--	2077
arrpermz2	1	112	112	231	231	1	167	/--	2078
arrpermz2	1	106	106	250	250	1	167	/--	2079
arrpermz2	1	392	392	290	290	1	167	/--	2082
arrpermz2	1	392	392	277	277	1	167	/--	2083
arrpermz2	1	392	392	268	268	1	167	/--	2084
arrpermz2	1	390	390	254	254	1	167	/--	2085
arrpermz2	1	387	387	244	244	1	167	/--	2086
arrpermz2	1	378	378	177	177	1	167	/--	2087
arrpermz2	1	371	371	199	199	1	167	/--	2090
arrpermz2	1	367	367	188	188	1	167	/--	2091
arrpermz2	1	367	367	181	181	1	167	/--	2092
arrpermz2	1	365	365	178	178	1	167	/--	2092Z
arrpermz2	1	379	379	281	281	1	167	/--	2095
arrpermz2	1	363	363	211	211	1	167	/--	2096
arrpermz2	1	358	358	201	201	1	167	/--	2097
arrpermz2	1	355	355	193	193	1	167	/--	2098
arrpermz2	1	337	337	161	161	1	167	/--	2104
arrpermz2	1	327	327	199	199	1	167	/--	2108
arrpermz2	1	325	325	123	123	1	167	/--	2109
arrpermz2	1	324	324	113	113	1	167	/--	2110
arrpermz2	1	334	334	66	66	1	167	/--	2111
arrpermz2	1	334	334	257	257	1	167	/--	2114
arrpermz2	1	331	331	249	249	1	167	/--	2115
arrpermz2	1	314	314	207	207	1	167	/--	2116
arrpermz2	1	305	305	153	153	1	167	/--	2117
arrpermz2	1	304	304	143	143	1	167	/--	2118
arrpermz2	1	326	326	28	28	1	167	/--	2119
arrpermz2	1	300	300	38	38	1	167	/--	2121
arrpermz2	1	252	252	221	221	1	167	/--	2127
arrpermz2	1	249	249	197	197	1	167	/--	2128
arrpermz2	1	249	249	106	106	1	167	/--	2129
arrpermz2	1	267	267	324	324	1	167	/--	2132
arrpermz2	1	232	232	159	159	1	167	/--	2133
arrpermz2	1	253	253	327	327	1	167	/--	2137
arrpermz2	1	226	226	213	213	1	167	/--	2138
arrpermz2	1	223	223	272	272	1	167	/--	2139
arrpermz2	1	214	214	212	212	1	167	/--	2140
arrpermz2	1	180	180	250	250	1	167	/--	2144
arrpermz2	1	45	45	222	222	1	167	/--	2145
arrpermz2	1	43	43	206	206	1	167	/--	2146
arrpermz2	1	45	45	215	215	1	167	/--	2147
arrpermz2	1	48	48	228	228	1	167	/--	2148
arrpermz2	1	51	51	238	238	1	167	/--	2149
arrpermz2	1	51	51	235	235	1	167	/--	2149Z
arrpermz2	1	53	53	256	256	1	167	/--	2150
arrpermz2	1	69	69	262	262	1	167	/--	2151
arrpermz2	1	378	378	168	168	1	167	/--	2152
arrpermz2	1	35	35	214	214	1	167	/--	2157
arrpermz2	1	37	37	225	225	1	167	/--	2158
arrpermz2	1	39	39	233	233	1	167	/--	2159
arrpermz2	1	207	207	333	333	1	167	/--	216
arrpermz2	1	43	43	243	243	1	167	/--	2160
arrpermz2	1	48	48	252	252	1	167	/--	2161
arrpermz2	1	54	54	260	260	1	167	/--	2162
arrpermz2	1	62	62	260	260	1	167	/--	2163
arrpermz2	1	61	61	271	271	1	167	/--	2163N
arrpermz2	1	28	28	227	227	1	167	/--	2165
arrpermz2	1	31	31	238	238	1	167	/--	2166
arrpermz2	1	35	35	247	247	1	167	/--	2167
arrpermz2	1	39	39	256	256	1	167	/--	2168
arrpermz2	1	108	108	271	271	1	167	/--	217
arrpermz2	1	74	74	269	269	1	167	/--	2172
arrpermz2	1	78	78	261	261	1	167	/--	2173
arrpermz2	1	87	87	262	262	1	167	/--	2174
arrpermz2	1	309	309	302	302	1	167	/--	2176
arrpermz2	1	298	298	247	247	1	167	/--	2177
arrpermz2	1	286	286	219	219	1	167	/--	2178
arrpermz2	1	281	281	207	207	1	167	/--	2179
arrpermz2	1	115	115	199	199	1	167	/--	218
arrpermz2	1	285	285	176	176	1	167	/--	2180
arrpermz2	1	289	289	66	66	1	167	/--	2181
arrpermz2	1	322	322	235	235	1	167	/--	2186Z
arrpermz2	1	316	316	223	223	1	167	/--	2187
arrpermz2	1	306	306	182	182	1	167	/--	2188
arrpermz2	1	142	142	121	121	1	167	/--	219
arrpermz2	1	431	431	285	285	1	167	/--	221
arrpermz2	1	381	381	186	186	1	167	/--	2503
arrpermz2	1	383	383	170	170	1	167	/--	2504
arrpermz2	1	382	382	120	120	1	167	/--	2505
arrpermz2	1	387	387	97	97	1	167	/--	2506
arrpermz2	1	361	361	72	72	1	167	/--	2507
arrpermz2	1	416	416	19	19	1	167	/--	2508
arrpermz2	1	147	147	347	347	1	167	/--	2513
arrpermz2	1	170	170	145	145	1	167	/--	2516
arrpermz2	1	280	280	245	245	1	167	/--	2521
arrpermz2	1	261	261	119	119	1	167	/--	2522
arrpermz2	1	218	218	161	161	1	167	/--	2525
arrpermz2	1	260	260	141	141	1	167	/--	2528
arrpermz2	1	260	260	131	131	1	167	/--	2529
arrpermz2	1	285	285	262	262	1	167	/--	2530
arrpermz2	1	278	278	184	184	1	167	/--	2531
arrpermz2	1	272	272	138	138	1	167	/--	2532
arrpermz2	1	274	274	126	126	1	167	/--	2533
arrpermz2	1	389	389	205	205	1	167	/--	2552
arrpermz2	1	376	376	75	75	1	167	/--	2553
arrpermz2	1	83	83	272	272	1	167	/--	2563
arrpermz2	1	109	109	259	259	1	167	/--	2566
arrpermz2	1	178	178	209	209	1	167	/--	2581
arrpermz2	1	183	183	193	193	1	167	/--	2582
arrpermz2	1	227	227	223	223	1	167	/--	2584
arrpermz2	1	223	223	189	189	1	167	/--	2586
arrpermz2	1	231	231	176	176	1	167	/--	2587
arrpermz2	1	230	230	151	151	1	167	/--	2588
arrpermz2	1	219	219	147	147	1	167	/--	2589
arrpermz2	1	242	242	226	226	1	167	/--	2593
arrpermz2	1	251	251	208	208	1	167	/--	2594
arrpermz2	1	252	252	69	69	1	167	/--	2595
arrpermz2	1	252	252	234	234	1	167	/--	2597
arrpermz2	1	271	271	227	227	1	167	/--	2598
arrpermz2	1	264	264	206	206	1	167	/--	2599
arrpermz2	1	262	262	182	182	1	167	/--	2600
arrpermz2	1	264	264	106	106	1	167	/--	2601
arrpermz2	1	304	304	283	283	1	167	/--	2612
arrpermz2	1	282	282	169	169	1	167	/--	2613
arrpermz2	1	293	293	58	58	1	167	/--	2614
arrpermz2	1	334	334	297	297	1	167	/--	2623
arrpermz2	1	326	326	262	262	1	167	/--	2624
arrpermz2	1	303	303	175	175	1	167	/--	2625
arrpermz2	1	313	313	98	98	1	167	/--	2626
arrpermz2	1	308	308	65	65	1	167	/--	2627
arrpermz2	1	321	321	67	67	1	167	/--	2628
arrpermz2	1	351	351	301	301	1	167	/--	2638
arrpermz2	1	350	350	292	292	1	167	/--	2639
arrpermz2	1	350	350	282	282	1	167	/--	2640
arrpermz2	1	338	338	229	229	1	167	/--	2641
arrpermz2	1	325	325	177	177	1	167	/--	2642
arrpermz2	1	324	324	167	167	1	167	/--	2643
arrpermz2	1	322	322	144	144	1	167	/--	2644
arrpermz2	1	363	363	278	278	1	167	/--	2648
arrpermz2	1	349	349	216	216	1	167	/--	2649
arrpermz2	1	344	344	205	205	1	167	/--	2650
arrpermz2	1	339	339	188	188	1	167	/--	2651
arrpermz2	1	340	340	172	172	1	167	/--	2652
arrpermz2	1	328	328	99	99	1	167	/--	2653
arrpermz2	1	330	330	88	88	1	167	/--	2654
arrpermz2	1	333	333	75	75	1	167	/--	2655
arrpermz2	1	353	353	178	178	1	167	/--	2663
arrpermz2	1	352	352	157	157	1	167	/--	2664
arrpermz2	1	351	351	148	148	1	167	/--	2665
arrpermz2	1	359	359	82	82	1	167	/--	2666
arrpermz2	1	374	374	210	210	1	167	/--	2676
arrpermz2	1	367	367	155	155	1	167	/--	2677
arrpermz2	1	392	392	180	180	1	167	/--	2689
arrpermz2	1	391	391	168	168	1	167	/--	2690
arrpermz2	1	393	393	22	22	1	167	/--	2691
arrpermz2	1	430	430	23	23	1	167	/--	2695
arrpermz2	1	127	127	187	187	1	167	/--	2697
arrpermz2	1	246	246	156	156	1	167	/--	2699
arrpermz2	1	235	235	143	143	1	167	/--	2700
arrpermz2	1	251	251	99	99	1	167	/--	2701
arrpermz2	1	280	280	214	214	1	167	/--	2704
arrpermz2	1	415	415	12	12	1	167	/--	2705
arrpermz2	1	274	274	107	107	1	167	/--	2706
arrpermz2	1	276	276	97	97	1	167	/--	2707
arrpermz2	1	279	279	82	82	1	167	/--	2708
arrpermz2	1	326	326	188	188	1	167	/--	2713
arrpermz2	1	312	312	132	132	1	167	/--	2714
arrpermz2	1	301	301	118	118	1	167	/--	2715
arrpermz2	1	314	314	110	110	1	167	/--	2716
arrpermz2	1	318	318	78	78	1	167	/--	2717
arrpermz2	1	379	379	258	258	1	167	/--	2728
arrpermz2	1	338	338	138	138	1	167	/--	2729
arrpermz2	1	351	351	139	139	1	167	/--	2730
arrpermz2	1	367	367	130	130	1	167	/--	2731
arrpermz2	1	370	370	92	92	1	167	/--	2732
arrpermz2	1	357	357	49	49	1	167	/--	2733
arrpermz2	1	302	302	307	307	1	167	/--	2746
arrpermz2	1	300	300	239	239	1	167	/--	2747
arrpermz2	1	292	292	235	235	1	167	/--	2748
arrpermz2	1	289	289	207	207	1	167	/--	2750
arrpermz2	1	277	277	201	201	1	167	/--	2751
arrpermz2	1	306	306	210	210	1	167	/--	2752
arrpermz2	1	313	313	188	188	1	167	/--	2754
arrpermz2	1	312	312	198	198	1	167	/--	2755
arrpermz2	1	300	300	127	127	1	167	/--	2758
arrpermz2	1	287	287	316	316	1	167	/--	2773
arrpermz2	1	283	283	252	252	1	167	/--	2774
arrpermz2	1	206	206	169	169	1	167	/--	2776
arrpermz2	1	263	263	196	196	1	167	/--	2778
arrpermz2	1	244	244	143	143	1	167	/--	2779
arrpermz2	1	188	188	108	108	1	167	/--	2780
arrpermz2	1	204	204	110	110	1	167	/--	2781
arrpermz2	1	192	192	98	98	1	167	/--	2782
arrpermz2	1	197	197	85	85	1	167	/--	2783
arrpermz2	1	269	269	65	65	1	167	/--	2786
arrpermz2	1	381	381	268	268	1	167	/--	2798
arrpermz2	1	353	353	240	240	1	167	/--	2799
arrpermz2	1	312	312	121	121	1	167	/--	2800
arrpermz2	1	352	352	118	118	1	167	/--	2801
arrpermz2	1	374	374	107	107	1	167	/--	2802
arrpermz2	1	317	317	89	89	1	167	/--	2803
arrpermz2	1	347	347	81	81	1	167	/--	2804
arrpermz2	1	324	324	56	56	1	167	/--	2805
arrpermz2	1	367	367	60	60	1	167	/--	2806
arrpermz2	1	373	373	39	39	1	167	/--	2807
arrpermz2	1	376	376	29	29	1	167	/--	2808
arrpermz2	1	408	408	34	34	1	167	/--	2809
arrpermz2	1	402	402	38	38	1	167	/--	2810
arrpermz2	1	182	182	114	114	1	167	/--	2812
arrpermz2	1	235	235	199	199	1	167	/--	2813
arrpermz2	1	323	323	160	160	1	167	/--	2815
arrpermz2	1	370	370	290	290	1	167	/--	2836
arrpermz2	1	387	387	231	231	1	167	/--	2837
arrpermz2	1	377	377	216	216	1	167	/--	2838
arrpermz2	1	365	365	221	221	1	167	/--	2839
arrpermz2	1	354	354	186	186	1	167	/--	2840
arrpermz2	1	352	352	106	106	1	167	/--	2841
arrpermz2	1	340	340	181	181	1	167	/--	2842
arrpermz2	1	336	336	145	145	1	167	/--	2843
arrpermz2	1	324	324	300	300	1	167	/--	2845
arrpermz2	1	326	326	288	288	1	167	/--	2846
arrpermz2	1	327	327	316	316	1	167	/--	2847
arrpermz2	1	313	313	316	316	1	167	/--	2848
arrpermz2	1	252	252	184	184	1	167	/--	2855
arrpermz2	1	234	234	230	230	1	167	/--	2856
arrpermz2	1	246	246	238	238	1	167	/--	2857
arrpermz2	1	262	262	231	231	1	167	/--	2858
arrpermz2	1	271	271	232	232	1	167	/--	2859
arrpermz2	1	158	158	170	170	1	167	/--	29
arrpermz2	1	225	225	327	327	1	167	/--	2932
arrpermz2	1	233	233	327	327	1	167	/--	2933
arrpermz2	1	252	252	311	311	1	167	/--	2935
arrpermz2	1	328	328	305	305	1	167	/--	2940
arrpermz2	1	413	413	276	276	1	167	/--	2949
arrpermz2	1	258	258	247	247	1	167	/--	2954
arrpermz2	1	214	214	241	241	1	167	/--	2955
arrpermz2	1	180	180	235	235	1	167	/--	2956
arrpermz2	1	349	349	247	247	1	167	/--	2958
arrpermz2	1	378	378	247	247	1	167	/--	2959
arrpermz2	1	398	398	242	242	1	167	/--	2960
arrpermz2	1	292	292	241	241	1	167	/--	2961
arrpermz2	1	332	332	241	241	1	167	/--	2962
arrpermz2	1	277	277	235	235	1	167	/--	2963
arrpermz2	1	221	221	226	226	1	167	/--	2964
arrpermz2	1	240	240	209	209	1	167	/--	2965
arrpermz2	1	273	273	211	211	1	167	/--	2966
arrpermz2	1	356	356	232	232	1	167	/--	2968
arrpermz2	1	324	324	227	227	1	167	/--	2969
arrpermz2	1	335	335	220	220	1	167	/--	2970
arrpermz2	1	175	175	197	197	1	167	/--	2973
arrpermz2	1	275	275	195	195	1	167	/--	2974
arrpermz2	1	305	305	199	199	1	167	/--	2975
arrpermz2	1	348	348	194	194	1	167	/--	2976
arrpermz2	1	230	230	188	188	1	167	/--	2979
arrpermz2	1	241	241	183	183	1	167	/--	2980
arrpermz2	1	266	266	186	186	1	167	/--	2981
arrpermz2	1	267	267	188	188	1	167	/--	2981Z
arrpermz2	1	368	368	184	184	1	167	/--	2983
arrpermz2	1	168	168	172	172	1	167	/--	2984
arrpermz2	1	182	182	169	169	1	167	/--	2985
arrpermz2	1	246	246	172	172	1	167	/--	2986
arrpermz2	1	248	248	166	166	1	167	/--	2987
arrpermz2	1	152	152	155	155	1	167	/--	2988
arrpermz2	1	155	155	150	150	1	167	/--	2991
arrpermz2	1	161	161	143	143	1	167	/--	2992
arrpermz2	1	273	273	145	145	1	167	/--	2993
arrpermz2	1	367	367	144	144	1	167	/--	2994
arrpermz2	1	217	217	133	133	1	167	/--	2997
arrpermz2	1	232	232	135	135	1	167	/--	2998
arrpermz2	1	401	401	293	293	1	167	/--	326
arrpermz2	1	400	400	283	283	1	167	/--	327
arrpermz2	1	401	401	271	271	1	167	/--	328
arrpermz2	1	399	399	259	259	1	167	/--	329
arrpermz2	1	398	398	249	249	1	167	/--	330
arrpermz2	1	394	394	236	236	1	167	/--	331
arrpermz2	1	390	390	224	224	1	167	/--	332
arrpermz2	1	385	385	213	213	1	167	/--	333
arrpermz2	1	379	379	205	205	1	167	/--	334
arrpermz2	1	377	377	193	193	1	167	/--	335
arrpermz2	1	373	373	183	183	1	167	/--	336
arrpermz2	1	372	372	173	173	1	167	/--	337
arrpermz2	1	373	373	147	147	1	167	/--	338
arrpermz2	1	373	373	136	136	1	167	/--	339
arrpermz2	1	373	373	125	125	1	167	/--	340
arrpermz2	1	367	367	121	121	1	167	/--	340A
arrpermz2	1	374	374	114	114	1	167	/--	341
arrpermz2	1	362	362	110	110	1	167	/--	341A
arrpermz2	1	366	366	113	113	1	167	/--	341B
arrpermz2	1	378	378	92	92	1	167	/--	342
arrpermz2	1	380	380	82	82	1	167	/--	343
arrpermz2	1	384	384	72	72	1	167	/--	344
arrpermz2	1	387	387	61	61	1	167	/--	345
arrpermz2	1	393	393	41	41	1	167	/--	346
arrpermz2	1	397	397	29	29	1	167	/--	347
arrpermz2	1	400	400	19	19	1	167	/--	348
arrpermz2	1	402	402	8	8	1	167	/--	349
arrpermz2	1	421	421	224	224	1	167	/--	3599
arrpermz2	1	410	410	84	84	1	167	/--	3600_ELH
arrpermz2	1	386	386	285	285	1	167	/--	381
arrpermz2	1	385	385	274	274	1	167	/--	382
arrpermz2	1	384	384	263	263	1	167	/--	383
arrpermz2	1	383	383	252	252	1	167	/--	384
arrpermz2	1	381	381	237	237	1	167	/--	385
arrpermz2	1	375	375	226	226	1	167	/--	387
arrpermz2	1	370	370	215	215	1	167	/--	388
arrpermz2	1	366	366	205	205	1	167	/--	389
arrpermz2	1	362	362	195	195	1	167	/--	390
arrpermz2	1	360	360	185	185	1	167	/--	391
arrpermz2	1	358	358	173	173	1	167	/--	392
arrpermz2	1	363	363	169	169	1	167	/--	392N
arrpermz2	1	358	358	163	163	1	167	/--	393
arrpermz2	1	358	358	152	152	1	167	/--	394
arrpermz2	1	359	359	142	142	1	167	/--	395
arrpermz2	1	359	359	131	131	1	167	/--	396
arrpermz2	1	359	359	119	119	1	167	/--	397
arrpermz2	1	360	360	109	109	1	167	/--	398
arrpermz2	1	363	363	98	98	1	167	/--	399
arrpermz2	1	364	364	88	88	1	167	/--	400
arrpermz2	1	367	367	77	77	1	167	/--	401
arrpermz2	1	371	371	66	66	1	167	/--	402
arrpermz2	1	373	373	56	56	1	167	/--	403
arrpermz2	1	377	377	46	46	1	167	/--	404
arrpermz2	1	380	380	35	35	1	167	/--	405
arrpermz2	1	383	383	25	25	1	167	/--	406
arrpermz2	1	386	386	15	15	1	167	/--	407
arrpermz2	1	389	389	3	3	1	167	/--	408
arrpermz2	1	166	166	122	122	1	167	/--	4301
arrpermz2	1	174	174	124	124	1	167	/--	4302
arrpermz2	1	212	212	124	124	1	167	/--	4303
arrpermz2	1	251	251	122	122	1	167	/--	4304
arrpermz2	1	275	275	117	117	1	167	/--	4305
arrpermz2	1	197	197	107	107	1	167	/--	4306
arrpermz2	1	249	249	112	112	1	167	/--	4307
arrpermz2	1	366	366	137	137	1	167	/--	4308
arrpermz2	1	179	179	107	107	1	167	/--	4309
arrpermz2	1	183	183	99	99	1	167	/--	4310
arrpermz2	1	187	187	91	91	1	167	/--	4311
arrpermz2	1	291	291	94	94	1	167	/--	4312
arrpermz2	1	334	334	58	58	1	167	/--	4318
arrpermz2	1	350	350	63	63	1	167	/--	4319
arrpermz2	1	354	354	59	59	1	167	/--	4320
arrpermz2	1	356	356	48	48	1	167	/--	4322
arrpermz2	1	369	369	46	46	1	167	/--	4323
arrpermz2	1	316	316	42	42	1	167	/--	4324
arrpermz2	1	388	388	34	34	1	167	/--	4325
arrpermz2	1	285	285	33	33	1	167	/--	4326
arrpermz2	1	293	293	33	33	1	167	/--	4327
arrpermz2	1	395	395	14	14	1	167	/--	4331
arrpermz2	1	394	394	7	7	1	167	/--	4334
arrpermz2	1	420	420	7	7	1	167	/--	4335
arrpermz2	1	428	428	8	8	1	167	/--	4336
arrpermz2	1	285	285	127	127	1	167	/--	4355
arrpermz2	1	372	372	274	274	1	167	/--	437
arrpermz2	1	370	370	274	274	1	167	/--	437Z
arrpermz2	1	370	370	262	262	1	167	/--	438
arrpermz2	1	257	257	304	304	1	167	/--	4384
arrpermz2	1	286	286	241	241	1	167	/--	4386
arrpermz2	1	298	298	253	253	1	167	/--	4387
arrpermz2	1	361	361	255	255	1	167	/--	4388
arrpermz2	1	369	369	250	250	1	167	/--	439
arrpermz2	1	74	74	237	237	1	167	/--	4390
arrpermz2	1	61	61	224	224	1	167	/--	4391
arrpermz2	1	125	125	212	212	1	167	/--	4393
arrpermz2	1	136	136	210	210	1	167	/--	4394
arrpermz2	1	147	147	205	205	1	167	/--	4395
arrpermz2	1	134	134	200	200	1	167	/--	4396
arrpermz2	1	142	142	199	199	1	167	/--	4397
arrpermz2	1	144	144	192	192	1	167	/--	4398
arrpermz2	1	208	208	229	229	1	167	/--	4399
arrpermz2	1	238	238	204	204	1	167	/--	4400
arrpermz2	1	209	209	193	193	1	167	/--	4401
arrpermz2	1	282	282	230	230	1	167	/--	4402
arrpermz2	1	318	318	230	230	1	167	/--	4403
arrpermz2	1	346	346	227	227	1	167	/--	4404
arrpermz2	1	288	288	212	212	1	167	/--	4405
arrpermz2	1	348	348	210	210	1	167	/--	4406
arrpermz2	1	384	384	179	179	1	167	/--	4408
arrpermz2	1	225	225	133	133	1	167	/--	4409
arrpermz2	1	362	362	229	229	1	167	/--	441
arrpermz2	1	260	260	146	146	1	167	/--	4410
arrpermz2	1	269	269	129	129	1	167	/--	4411
arrpermz2	1	319	319	124	124	1	167	/--	4414
arrpermz2	1	352	352	132	132	1	167	/--	4415
arrpermz2	1	358	358	125	125	1	167	/--	4416
arrpermz2	1	362	362	64	64	1	167	/--	4417
arrpermz2	1	275	275	44	44	1	167	/--	4418
arrpermz2	1	281	281	39	39	1	167	/--	4419
arrpermz2	1	357	357	218	218	1	167	/--	442
arrpermz2	1	333	333	32	32	1	167	/--	4421
arrpermz2	1	345	345	76	76	1	167	/--	4425
arrpermz2	1	339	339	64	64	1	167	/--	4426
arrpermz2	1	345	345	65	65	1	167	/--	4427
arrpermz2	1	349	349	33	33	1	167	/--	4428
arrpermz2	1	355	355	36	36	1	167	/--	4429
arrpermz2	1	353	353	209	209	1	167	/--	443
arrpermz2	1	383	383	30	30	1	167	/--	4431
arrpermz2	1	401	401	32	32	1	167	/--	4432
arrpermz2	1	407	407	31	31	1	167	/--	4433
arrpermz2	1	403	403	28	28	1	167	/--	4434
arrpermz2	1	405	405	25	25	1	167	/--	4435
arrpermz2	1	368	368	18	18	1	167	/--	4436
arrpermz2	1	376	376	20	20	1	167	/--	4437
arrpermz2	1	362	362	12	12	1	167	/--	4438
arrpermz2	1	378	378	15	15	1	167	/--	4439
arrpermz2	1	349	349	199	199	1	167	/--	444
arrpermz2	1	411	411	21	21	1	167	/--	4440
arrpermz2	1	423	423	22	22	1	167	/--	4441
arrpermz2	1	425	425	18	18	1	167	/--	4442
arrpermz2	1	382	382	10	10	1	167	/--	4444
arrpermz2	1	387	387	7	7	1	167	/--	4445
arrpermz2	1	408	408	10	10	1	167	/--	4446
arrpermz2	1	347	347	188	188	1	167	/--	445
arrpermz2	1	308	308	217	217	1	167	/--	4454
arrpermz2	1	319	319	214	214	1	167	/--	4455
arrpermz2	1	346	346	177	177	1	167	/--	446
arrpermz2	1	344	344	167	167	1	167	/--	447
arrpermz2	1	344	344	155	155	1	167	/--	448
arrpermz2	1	301	301	329	329	1	167	/--	4485
arrpermz2	1	296	296	295	295	1	167	/--	4486
arrpermz2	1	289	289	282	282	1	167	/--	4487
arrpermz2	1	344	344	144	144	1	167	/--	449
arrpermz2	1	340	340	301	301	1	167	/--	4491
arrpermz2	1	359	359	290	290	1	167	/--	4493
arrpermz2	1	365	365	268	268	1	167	/--	4494
arrpermz2	1	174	174	254	254	1	167	/--	4498
arrpermz2	1	301	301	261	261	1	167	/--	4499
arrpermz2	1	345	345	133	133	1	167	/--	450
arrpermz2	1	291	291	253	253	1	167	/--	4501
arrpermz2	1	216	216	172	172	1	167	/--	4503
arrpermz2	1	354	354	255	255	1	167	/--	4505
arrpermz2	1	338	338	131	131	1	167	/--	450A
arrpermz2	1	346	346	122	122	1	167	/--	451
arrpermz2	1	227	227	164	164	1	167	/--	4511
arrpermz2	1	206	206	157	157	1	167	/--	4512
arrpermz2	1	210	210	147	147	1	167	/--	4513
arrpermz2	1	278	278	167	167	1	167	/--	4516
arrpermz2	1	266	266	161	161	1	167	/--	4517
arrpermz2	1	283	283	145	145	1	167	/--	4518
arrpermz2	1	351	351	126	126	1	167	/--	451A
arrpermz2	1	347	347	111	111	1	167	/--	452
arrpermz2	1	261	261	112	112	1	167	/--	4522
arrpermz2	1	307	307	119	119	1	167	/--	4523
arrpermz2	1	337	337	123	123	1	167	/--	4524
arrpermz2	1	342	342	129	129	1	167	/--	4525
arrpermz2	1	320	320	101	101	1	167	/--	4526
arrpermz2	1	349	349	100	100	1	167	/--	453
arrpermz2	1	268	268	71	71	1	167	/--	4530
arrpermz2	1	293	293	49	49	1	167	/--	4531
arrpermz2	1	354	354	70	70	1	167	/--	4532
arrpermz2	1	354	354	53	53	1	167	/--	4533
arrpermz2	1	378	378	21	21	1	167	/--	4534
arrpermz2	1	350	350	89	89	1	167	/--	454
arrpermz2	1	204	204	298	298	1	167	/--	4548
arrpermz2	1	196	196	290	290	1	167	/--	4549
arrpermz2	1	352	352	78	78	1	167	/--	455
arrpermz2	1	293	293	247	247	1	167	/--	4552
arrpermz2	1	371	371	282	282	1	167	/--	4553
arrpermz2	1	372	372	268	268	1	167	/--	4554
arrpermz2	1	290	290	292	292	1	167	/--	4556
arrpermz2	1	356	356	68	68	1	167	/--	456
arrpermz2	1	321	321	239	239	1	167	/--	4562
arrpermz2	1	316	316	114	114	1	167	/--	4568
arrpermz2	1	359	359	56	56	1	167	/--	457
arrpermz2	1	361	361	46	46	1	167	/--	458
arrpermz2	1	366	366	35	35	1	167	/--	459
arrpermz2	1	368	368	25	25	1	167	/--	460
arrpermz2	1	371	371	14	14	1	167	/--	461
arrpermz2	1	133	133	260	260	1	167	/--	49
arrpermz2	1	358	358	296	296	1	167	/--	492
arrpermz2	1	359	359	284	284	1	167	/--	493
arrpermz2	1	357	357	274	274	1	167	/--	494
arrpermz2	1	356	356	263	263	1	167	/--	495
arrpermz2	1	354	354	248	248	1	167	/--	496
arrpermz2	1	348	348	233	233	1	167	/--	498
arrpermz2	1	343	343	223	223	1	167	/--	499
arrpermz2	1	345	345	222	222	1	167	/--	499A
arrpermz2	1	340	340	214	214	1	167	/--	500
arrpermz2	1	333	333	203	203	1	167	/--	501
arrpermz2	1	333	333	193	193	1	167	/--	502
arrpermz2	1	331	331	182	182	1	167	/--	503
arrpermz2	1	331	331	172	172	1	167	/--	504
arrpermz2	1	158	158	347	347	1	167	/--	5044
arrpermz2	1	83	83	197	197	1	167	/--	5045
arrpermz2	1	330	330	161	161	1	167	/--	505
arrpermz2	1	330	330	149	149	1	167	/--	506
arrpermz2	1	330	330	139	139	1	167	/--	507
arrpermz2	1	331	331	129	129	1	167	/--	508
arrpermz2	1	427	427	137	137	1	167	/--	5086
arrpermz2	1	324	324	135	135	1	167	/--	508A
arrpermz2	1	332	332	118	118	1	167	/--	509
arrpermz2	1	268	268	215	215	1	167	/--	50_ELH
arrpermz2	1	237	237	121	121	1	167	/--	51
arrpermz2	1	335	335	96	96	1	167	/--	510
arrpermz2	1	338	338	82	82	1	167	/--	511
arrpermz2	1	340	340	72	72	1	167	/--	512
arrpermz2	1	341	341	70	70	1	167	/--	512A
arrpermz2	1	347	347	70	70	1	167	/--	512B
arrpermz2	1	347	347	50	50	1	167	/--	513
arrpermz2	1	350	350	40	40	1	167	/--	514
arrpermz2	1	354	354	27	27	1	167	/--	515_ELH
arrpermz2	1	357	357	18	18	1	167	/--	516_ELH
arrpermz2	1	359	359	8	8	1	167	/--	517_ELH
arrpermz2	1	260	260	72	72	1	167	/--	52_ELH
arrpermz2	1	318	318	314	314	1	167	/--	53
arrpermz2	1	343	343	308	308	1	167	/--	547
arrpermz2	1	343	343	298	298	1	167	/--	548
arrpermz2	1	343	343	286	286	1	167	/--	549
arrpermz2	1	281	281	326	326	1	167	/--	5503
arrpermz2	1	318	318	311	311	1	167	/--	5506
arrpermz2	1	342	342	277	277	1	167	/--	550_ELH
arrpermz2	1	346	346	256	256	1	167	/--	5510
arrpermz2	1	353	353	226	226	1	167	/--	5511
arrpermz2	1	343	343	264	264	1	167	/--	551_ELH
arrpermz2	1	341	341	254	254	1	167	/--	552_ELH
arrpermz2	1	339	339	244	244	1	167	/--	553
arrpermz2	1	334	334	235	235	1	167	/--	554
arrpermz2	1	329	329	225	225	1	167	/--	555
arrpermz2	1	325	325	214	214	1	167	/--	556
arrpermz2	1	322	322	204	204	1	167	/--	557
arrpermz2	1	320	320	194	194	1	167	/--	558
arrpermz2	1	318	318	183	183	1	167	/--	559
arrpermz2	1	203	203	72	72	1	167	/--	55_ELH
arrpermz2	1	317	317	171	171	1	167	/--	560
arrpermz2	1	316	316	161	161	1	167	/--	561
arrpermz2	1	316	316	156	156	1	167	/--	561A
arrpermz2	1	316	316	150	150	1	167	/--	562
arrpermz2	1	316	316	140	140	1	167	/--	563
arrpermz2	1	304	304	133	133	1	167	/--	564A
arrpermz2	1	318	318	128	128	1	167	/--	564_ELH
arrpermz2	1	318	318	117	117	1	167	/--	565
arrpermz2	1	319	319	106	106	1	167	/--	566
arrpermz2	1	321	321	95	95	1	167	/--	567
arrpermz2	1	322	322	83	83	1	167	/--	568
arrpermz2	1	324	324	73	73	1	167	/--	569
arrpermz2	1	204	204	235	235	1	167	/--	56_ELH
arrpermz2	1	327	327	63	63	1	167	/--	570
arrpermz2	1	331	331	52	52	1	167	/--	571
arrpermz2	1	336	336	41	41	1	167	/--	572
arrpermz2	1	338	338	30	30	1	167	/--	573
arrpermz2	1	341	341	20	20	1	167	/--	574
arrpermz2	1	344	344	9	9	1	167	/--	575
arrpermz2	1	398	398	194	194	1	167	/--	57_ELH
arrpermz2	1	290	290	163	163	1	167	/--	58
arrpermz2	1	371	371	100	100	1	167	/--	59
arrpermz2	1	372	372	97	97	1	167	/--	59A
arrpermz2	1	325	325	256	256	1	167	/--	60
arrpermz2	1	296	296	334	334	1	167	/--	604
arrpermz2	1	296	296	323	323	1	167	/--	605
arrpermz2	1	295	295	312	312	1	167	/--	606
arrpermz2	1	295	295	301	301	1	167	/--	607
arrpermz2	1	295	295	289	289	1	167	/--	608
arrpermz2	1	295	295	279	279	1	167	/--	609
arrpermz2	1	343	343	60	60	1	167	/--	61
arrpermz2	1	294	294	268	268	1	167	/--	610
arrpermz2	1	292	292	257	257	1	167	/--	611
arrpermz2	1	288	288	247	247	1	167	/--	612
arrpermz2	1	282	282	237	237	1	167	/--	613
arrpermz2	1	278	278	226	226	1	167	/--	614
arrpermz2	1	270	270	201	201	1	167	/--	616
arrpermz2	1	268	268	190	190	1	167	/--	617
arrpermz2	1	269	269	177	177	1	167	/--	618
arrpermz2	1	267	267	168	168	1	167	/--	619
arrpermz2	1	259	259	164	164	1	167	/--	619A
arrpermz2	1	266	266	156	156	1	167	/--	620
arrpermz2	1	259	259	153	153	1	167	/--	620A
arrpermz2	1	266	266	146	146	1	167	/--	621
arrpermz2	1	267	267	135	135	1	167	/--	622
arrpermz2	1	268	268	124	124	1	167	/--	623
arrpermz2	1	269	269	114	114	1	167	/--	624
arrpermz2	1	270	270	101	101	1	167	/--	625
arrpermz2	1	271	271	91	91	1	167	/--	626
arrpermz2	1	274	274	80	80	1	167	/--	627
arrpermz2	1	275	275	69	69	1	167	/--	628
arrpermz2	1	278	278	59	59	1	167	/--	629
arrpermz2	1	282	282	48	48	1	167	/--	630
arrpermz2	1	283	283	342	342	1	167	/--	652
arrpermz2	1	281	281	331	331	1	167	/--	653
arrpermz2	1	281	281	321	321	1	167	/--	654
arrpermz2	1	281	281	310	310	1	167	/--	655
arrpermz2	1	281	281	288	288	1	167	/--	657
arrpermz2	1	281	281	276	276	1	167	/--	658
arrpermz2	1	275	275	255	255	1	167	/--	659
arrpermz2	1	271	271	244	244	1	167	/--	660
arrpermz2	1	265	265	234	234	1	167	/--	661
arrpermz2	1	262	262	223	223	1	167	/--	662
arrpermz2	1	260	260	212	212	1	167	/--	663
arrpermz2	1	257	257	204	204	1	167	/--	664
arrpermz2	1	254	254	193	193	1	167	/--	665
arrpermz2	1	253	253	175	175	1	167	/--	666
arrpermz2	1	253	253	171	171	1	167	/--	667
arrpermz2	1	252	252	159	159	1	167	/--	668
arrpermz2	1	252	252	148	148	1	167	/--	669
arrpermz2	1	253	253	137	137	1	167	/--	670
arrpermz2	1	255	255	127	127	1	167	/--	671
arrpermz2	1	255	255	114	114	1	167	/--	672
arrpermz2	1	256	256	105	105	1	167	/--	673
arrpermz2	1	257	257	93	93	1	167	/--	674
arrpermz2	1	263	263	60	60	1	167	/--	676
arrpermz2	1	267	267	50	50	1	167	/--	677
arrpermz2	1	289	289	40	40	1	167	/--	678
arrpermz2	1	290	290	24	24	1	167	/--	679
arrpermz2	1	370	370	160	160	1	167	/--	67_ELH
arrpermz2	1	390	390	50	50	1	167	/--	68_ELH
arrpermz2	1	275	275	217	217	1	167	/--	6976
arrpermz2	1	315	315	237	237	1	167	/--	6990
arrpermz2	1	282	282	224	224	1	167	/--	6994
arrpermz2	1	200	200	284	284	1	167	/--	7006
arrpermz2	1	297	297	308	308	1	167	/--	7051
arrpermz2	1	269	269	345	345	1	167	/--	707
arrpermz2	1	269	269	331	331	1	167	/--	708
arrpermz2	1	326	326	255	255	1	167	/--	7097
arrpermz2	1	333	333	251	251	1	167	/--	7098
arrpermz2	1	310	310	256	256	1	167	/--	7099
arrpermz2	1	268	268	289	289	1	167	/--	710
arrpermz2	1	264	264	264	264	1	167	/--	712
arrpermz2	1	259	259	251	251	1	167	/--	713
arrpermz2	1	253	253	239	239	1	167	/--	714
arrpermz2	1	250	250	228	228	1	167	/--	715
arrpermz2	1	246	246	215	215	1	167	/--	716
arrpermz2	1	243	243	201	201	1	167	/--	717
arrpermz2	1	241	241	189	189	1	167	/--	718
arrpermz2	1	240	240	176	176	1	167	/--	719
arrpermz2	1	412	412	285	285	1	167	/--	71_ELH
arrpermz2	1	241	241	162	162	1	167	/--	720
arrpermz2	1	239	239	150	150	1	167	/--	721
arrpermz2	1	240	240	137	137	1	167	/--	722
arrpermz2	1	241	241	124	124	1	167	/--	723
arrpermz2	1	241	241	111	111	1	167	/--	724
arrpermz2	1	243	243	98	98	1	167	/--	725
arrpermz2	1	244	244	85	85	1	167	/--	726
arrpermz2	1	410	410	26	26	1	167	/--	727
arrpermz2	1	413	413	6	6	1	167	/--	729
arrpermz2	1	371	371	241	241	1	167	/--	73_ELH
arrpermz2	1	257	257	347	347	1	167	/--	747
arrpermz2	1	254	254	335	335	1	167	/--	748
arrpermz2	1	256	256	320	320	1	167	/--	749
arrpermz2	1	250	250	318	318	1	167	/--	750
arrpermz2	1	255	255	295	295	1	167	/--	751
arrpermz2	1	248	248	257	257	1	167	/--	754
arrpermz2	1	243	243	246	246	1	167	/--	755
arrpermz2	1	239	239	233	233	1	167	/--	756
arrpermz2	1	234	234	221	221	1	167	/--	757
arrpermz2	1	231	231	208	208	1	167	/--	758
arrpermz2	1	227	227	169	169	1	167	/--	761
arrpermz2	1	222	222	156	156	1	167	/--	762_ELH
arrpermz2	1	232	232	129	129	1	167	/--	764_ELH
arrpermz2	1	416	416	34	34	1	167	/--	766
arrpermz2	1	231	231	91	91	1	167	/--	767
arrpermz2	1	419	419	24	24	1	167	/--	768
arrpermz2	1	235	235	66	66	1	167	/--	769
arrpermz2	1	422	422	14	14	1	167	/--	770
arrpermz2	1	245	245	342	342	1	167	/--	790
arrpermz2	1	242	242	330	330	1	167	/--	791
arrpermz2	1	242	242	318	318	1	167	/--	792
arrpermz2	1	241	241	279	279	1	167	/--	795
arrpermz2	1	238	238	267	267	1	167	/--	796
arrpermz2	1	233	233	254	254	1	167	/--	797
arrpermz2	1	227	227	243	243	1	167	/--	798
arrpermz2	1	225	225	230	230	1	167	/--	799_ELH
arrpermz2	1	411	411	129	129	1	167	/--	79N
arrpermz2	1	220	220	218	218	1	167	/--	800
arrpermz2	1	217	217	206	206	1	167	/--	801
arrpermz2	1	225	225	201	201	1	167	/--	801A
arrpermz2	1	215	215	193	193	1	167	/--	802
arrpermz2	1	209	209	177	177	1	167	/--	803
arrpermz2	1	214	214	166	166	1	167	/--	804
arrpermz2	1	213	213	154	154	1	167	/--	805
arrpermz2	1	214	214	140	140	1	167	/--	806
arrpermz2	1	209	209	132	132	1	167	/--	807
arrpermz2	1	192	192	126	126	1	167	/--	809
arrpermz2	1	385	385	196	196	1	167	/--	811
arrpermz2	1	292	292	276	276	1	167	/--	8113
arrpermz2	1	222	222	62	62	1	167	/--	812
arrpermz2	1	177	177	242	242	1	167	/--	819
arrpermz2	1	167	167	190	190	1	167	/--	820
arrpermz2	1	166	166	152	152	1	167	/--	821
arrpermz2	1	260	260	210	210	1	167	/--	8266
arrpermz2	1	335	335	295	295	1	167	/--	8788
arrpermz2	1	341	341	196	196	1	167	/--	87_ELH
arrpermz2	1	276	276	264	264	1	167	/--	89_ELH
arrpermz2	1	215	215	232	232	1	167	/--	914
arrpermz2	1	206	206	209	209	1	167	/--	916
arrpermz2	1	205	205	198	198	1	167	/--	917
arrpermz2	1	203	203	187	187	1	167	/--	918
arrpermz2	1	201	201	162	162	1	167	/--	919
arrpermz2	1	337	337	109	109	1	167	/--	92
arrpermz2	1	202	202	150	150	1	167	/--	920
arrpermz2	1	174	174	191	191	1	167	/--	923
arrpermz2	1	175	175	177	177	1	167	/--	924
arrpermz2	1	177	177	158	158	1	167	/--	928
arrpermz2	1	179	179	145	145	1	167	/--	929
arrpermz2	1	201	201	140	140	1	167	/--	930
arrpermz2	1	410	410	16	16	1	167	/--	931
arrpermz2	1	167	167	256	256	1	167	/--	935
arrpermz2	1	156	156	234	234	1	167	/--	936
arrpermz2	1	153	153	210	210	1	167	/--	937
arrpermz2	1	145	145	187	187	1	167	/--	938
arrpermz2	1	431	431	32	32	1	167	/--	93_ELH
arrpermz2	1	137	137	250	250	1	167	/--	941
arrpermz2	1	128	128	205	205	1	167	/--	942
arrpermz2	1	121	121	182	182	1	167	/--	943
arrpermz2	1	116	116	243	243	1	167	/--	946
arrpermz2	1	118	118	254	254	1	167	/--	946A
arrpermz2	1	110	110	219	219	1	167	/--	947
arrpermz2	1	102	102	197	197	1	167	/--	948
arrpermz2	1	221	221	177	177	1	167	/--	94_ELH
arrpermz2	1	87	87	235	235	1	167	/--	950
arrpermz2	1	85	85	213	213	1	167	/--	951
arrpermz2	1	68	68	231	231	1	167	/--	952
arrpermz2	1	58	58	232	232	1	167	/--	952A
arrpermz2	1	68	68	243	243	1	167	/--	952B
arrpermz2	1	62	62	207	207	1	167	/--	953
arrpermz2	1	64	64	196	196	1	167	/--	953A
arrpermz2	1	72	72	202	202	1	167	/--	953B
arrpermz2	1	282	282	196	196	1	167	/--	955
arrpermz2	1	287	287	229	229	1	167	/--	956
arrpermz2	1	305	305	255	255	1	167	/--	957
arrpermz2	1	330	330	318	318	1	167	/--	968
arrpermz2	1	325	325	242	242	1	167	/--	969
arrpermz2	1	306	306	193	193	1	167	/--	970
arrpermz2	1	304	304	167	167	1	167	/--	971
arrpermz2	1	306	306	124	124	1	167	/--	972
arrpermz2	1	306	306	113	113	1	167	/--	972A
arrpermz2	1	307	307	104	104	1	167	/--	972B
arrpermz2	1	307	307	104	104	1	167	/--	972BZ
arrpermz2	1	311	311	82	82	1	167	/--	973
arrpermz2	1	309	309	92	92	1	167	/--	973A
arrpermz2	1	313	313	61	61	1	167	/--	973B
arrpermz2	1	280	280	161	161	1	167	/--	974
arrpermz2	1	279	279	150	150	1	167	/--	974A
arrpermz2	1	278	278	141	141	1	167	/--	975
arrpermz2	1	279	279	131	131	1	167	/--	975A
arrpermz2	1	282	282	112	112	1	167	/--	976
arrpermz2	1	281	281	121	121	1	167	/--	976A
arrpermz2	1	283	283	104	104	1	167	/--	976B
arrpermz2	1	285	285	88	88	1	167	/--	977
arrpermz2	1	284	284	95	95	1	167	/--	977A
arrpermz2	1	285	285	77	77	1	167	/--	977B
arrpermz2	1	176	176	230	230	1	167	/--	981
arrpermz2	1	171	171	205	205	1	167	/--	982
arrpermz2	1	163	163	180	180	1	167	/--	983
arrpermz2	1	161	161	160	160	1	167	/--	984
arrpermz2	1	170	170	164	164	1	167	/--	985
arrpermz2	1	187	187	226	226	1	167	/--	987
arrpermz2	1	185	185	213	213	1	167	/--	988
arrpermz2	1	182	182	201	201	1	167	/--	989
arrpermz2	1	202	202	130	130	1	167	/--	990
arrpermz2	1	376	376	290	290	1	167	/--	993
arrpermz2	1	359	359	238	238	1	167	/--	994
arrpermz2	1	379	379	103	103	1	167	/--	995
arrpermz2	1	183	183	126	126	1	167	/--	997
arrpermz2	1	304	304	29	29	1	167	/--	999

arrpermz2	6.63	35	35	214	214	1	135	/--	2157
arrpermz2	1.98	366	366	35	35	1	135	/--	459
arrpermz2	0.1	51	51	238	238	63	97	/--	2149
arrpermz2	3	343	343	60	60	53	57	/--	61
arrpermz2	3	343	343	60	60	91	109	/--	61
/
ARITHMETIC
arrpermz2=interpolate_ML_IDW(arrpermz2,    0,1,4)
/